0 0.9138141534650686 0.9509548405745184 0.06038984237026476 0.051879522737713464
0 0.948412799801563 0.5812091290653838 0.06788108418809895 0.1001242962354701
0 0.9677430679173346 0.15052901654497783 0.058279684740528984 0.10230434182820516
0 0.921502790342609 0.4556506326016552 0.10655240016685934 0.1370771907876069
0 0.8769213578642356 0.06251089110630267 0.07741255779659485 0.08592501987350434
0 0.8090332810922293 0.16383711041869592 0.16195274304783916 0.15759481324476513
0 0.6900840506251397 0.3660978980615379 0.14963982375449775 0.10683429331260705
0 0.6059897880336698 0.7742502028309824 0.11239499489284664 0.31507370645277777
0 0.5058767562903749 0.01752127513514938 0.09882341049617338 0.03504255027029876
0 0.47266264156754534 0.14282397621143123 0.14487408695024995 0.11393393149358987
0 0.37971358329629845 0.833596054478632 0.1796467465292798 0.30702492576517126
0 0.47315911502497054 0.05748743774989277 0.11349822043991672 0.09157196428536334
0 0.37180438915431896 0.5405506242705125 0.16684434636242046 0.17212979044839744