0 0.7323519587977511 0.9341793717780529 0.11345626493647223 0.08831114969011858
0 0.04137125472216555 0.7089008947014056 0.07510660781745221 0.10530178940281122
0 0.07858971595848598 0.9105202468938329 0.14722199243283685 0.10950203224920439
0 0.10683370623345415 0.6021741942336761 0.1619387578800245 0.16082285004925204
0 0.21984863702861096 0.40810342489431134 0.14722199243283682 0.10950203224920439
0 0.286491232509951 0.09118019405992314 0.0970209265583635 0.15463878533365227
0 0.4131710553580254 0.8002436838218683 0.0990891286846546 0.09708648573622423
0 0.4435050268661562 0.6446118659783822 0.14486010178243502 0.11657356261586298
0 0.5074562788982975 0.07160901571193869 0.15914332702736408 0.09337514964668006
0 0.4464123390613351 0.7312903356117235 0.11108038911825566 0.09297883390293074
0 0.5325436280228687 0.2532975581991979 0.1644265150407594 0.17538593506720884