0 0.9155470657280262 0.1983098014628858 0.044201196738133976 0.042292435291730095
0 0.1448935715559842 0.15934449615795548 0.09164029184384298 0.06552198966755506
0 0.8876834216570261 0.5987180743931346 0.04616343916328074 0.06633089683019164
0 0.8859407908997317 0.2804450242749733 0.05980161911629896 0.05721917715939954
0 0.8886383783191012 0.09973684194935134 0.06416770769529187 0.08134158285529317
0 0.8233173076923077 0.9555288461538461 0.0889423076923077 0.08413461538461539
0 0.8008262444990403 0.6438989240386507 0.05896756690256994 0.07636600223273668
0 0.81056312866102 0.30312511208867926 0.09924427879041094 0.07058151444754363
0 0.7689136405399082 0.5475619223640982 0.08536071935120759 0.1060515976532114
0 0.9591841673604513 0.1805480549871781 0.030072257812746053 0.1041208820322734
0 0.7025860776143749 0.23788165976629433 0.06377525921026225 0.07653389054760086
0 0.6680732048927991 0.08480244100406097 0.12627525921026225 0.07871643864083508
0 0.6576737167716872 0.330330525326097 0.12941484709049705 0.11717797710237357
0 0.5788379493992996 0.4987371099985076 0.11886749650620924 0.0760607600146927
0 0.543737990878843 0.8253663823705722 0.08953018695552008 0.24522284210399192
0 0.9309524540601739 0.5411669501428172 0.05896756690257021 0.07636600223273668
0 0.4051959393862531 0.21905912270625413 0.08001350955964157 0.069909961188087
0 0.3877807403139518 0.34380729023395784 0.11685609883739244 0.08078450816495292
0 0.37259615384615385 0.8846153846153846 0.15384615384615385 0.22596153846153846
0 0.38235959929079755 0.27732377229474425 0.08962889417502605 0.07024573781781535
0 0.3399501885536279 0.6639652543555307 0.1352036606107629 0.12936509618646852