0 0.27448332319401875 0.05451118920886776 0.028107444515853307 0.04148083615844019
0 0.37500010710884885 0.7173323158743593 0.036939235331922435 0.02247386748878209
0 0.506119942148705 0.8948282950941777 0.06023898754008336 0.06384280336666684
0 0.6079242208261975 0.6698189139564108 0.025311801462349372 0.0318095014027778
0 0.6263979286356007 0.718371413225695 0.030021544545127253 0.029517555529487264
0 0.8078352484950859 0.6648473909840819 0.03002154454512698 0.029517555529487264
0 0.8258375622709824 0.6363928881198725 0.036939235331922435 0.02247386748878209
0 0.8031561279337 0.7501559543754814 0.012704875343632037 0.01710667377831198
0 0.8281475493433563 0.6978028653235051 0.03222949224914428 0.024765813362072626
0 0.8585119161756841 0.6612146516222229 0.02501795378760609 0.02459796294123934
0 0.8770570408320523 0.6784891758213683 0.020112312254999355 0.022082216506837574