0 0.1168139683835549 0.16109639387483116 0.026896047603460742 0.04268691031020033
0 0.42159159325254775 0.7617545183646681 0.037402438691221354 0.02196305777299301
0 0.6033429144562491 0.892731109815251 0.05932270068904867 0.06188181679038388
0 0.6289018923847058 0.6481763361161288 0.02365173495990902 0.030485526971488115
0 0.6621860452763696 0.6905720861968139 0.02829133396966035 0.028445985956605132
0 0.8182591553370234 0.5839860076814692 0.02829133396966008 0.028445985956604993
0 0.8264539835948737 0.5531913891051732 0.037402438691221215 0.021963057772992737
0 0.8413060904042082 0.6691045308229404 0.013027790556877451 0.01533383977048485
0 0.8489460987855646 0.6116854519848551 0.030358993527624004 0.02382044621839441
0 0.8653610252926 0.5670142141939268 0.023147455066085544 0.023273988509949516
0 0.888727113639297 0.5784511245041273 0.018339762758393236 0.02290968337098648