0 0.896986889674428 0.10449648066710997 0.03958114780162866 0.026952902650166734
0 0.2493017229771652 0.4074835276026789 0.01599052999920307 0.03474676157073567
0 0.094605920343901 0.5916717574179782 0.05763964115265076 0.05467027832884542
0 0.337614989823033 0.6199671953308574 0.02974184131822601 0.021416600064548257
0 0.29168834383476194 0.6545870178662666 0.025158070878551604 0.02585998723327739
0 0.37760107845413116 0.8157522984257158 0.025158070878551743 0.02585998723327739
0 0.40834725425109064 0.8242016227147632 0.01599052999920307 0.03474676157073567
0 0.2891889282346925 0.8368239441348704 0.014870920659113005 0.010708300032274128
0 0.34620947032294613 0.8468753593903895 0.020574300438877337 0.03030337440200653
0 0.38732511007617726 0.8641203817321542 0.020126456702841394 0.020687989786621914
0 0.37424225043386083 0.8878676830411004 0.019902534834823352 0.015880297478929606