0 0.8421218468690187 0.7191728497482502 0.017784942881899468 0.04849659175343991
0 0.9048651901745254 0.5938010152882343 0.02091170221018064 0.024598019773817644
0 0.8959809554085407 0.5664715360263913 0.01918022924809894 0.03414345960978283
0 0.9101013524020356 0.5360737352062169 0.016776383094252785 0.03407351483036326
0 0.9496554973001914 0.5193296187355047 0.01470872353628886 0.03881126235863601
0 0.31204793998816666 0.5462784468201363 0.018121129477781696 0.053304284061132495
0 0.3647474287584708 0.47877378200097687 0.022928821785474004 0.05344417361997135
0 0.24880799349736174 0.45575876850022506 0.01850785605633435 0.024528074994398078
0 0.27704055080938644 0.44654094199843924 0.021584075401945093 0.034213404389202125
0 0.22449212202065338 0.4432720348379761 0.014372536940406633 0.034003570050943704
0 0.20934613192314158 0.4197231867554511 0.028408887284930903 0.06319944779419509