0 0.17157036588989333 0.8491707204050118 0.019902117881854517 0.03902109669689443
0 0.0761176610934705 0.6684183690641968 0.02707169705270016 0.03682708488130697
0 0.09093935127812933 0.6460014992791753 0.022305964035700673 0.039091041476313995
0 0.6638607754776693 0.47868418123236833 0.034451072677009836 0.046652303834950004
0 0.054267165963213564 0.6112635090443267 0.014884629120698066 0.026861976368824807
0 0.017007550578598176 0.6101793649633243 0.024835688061625324 0.04637252471727202
0 0.6985216446081435 0.4219711004519337 0.03440911338631709 0.04424845768110385
0 0.7407446228788677 0.27649057392774024 0.02487764735231825 0.04877637087111818
0 0.7144491727039848 0.2673077198156641 0.0151363848648551 0.04128505329190166
0 0.7700942882133355 0.24848375743462048 0.02226400474500778 0.03668719532246784
0 0.7789273426587252 0.22469010262412722 0.029559461787932024 0.041704721968418706