0 0.7387192541851049 0.9087146790756202 0.04438929552826893 0.01998603646324016
0 0.5283008574056816 0.9316378658873585 0.03745777325648994 0.024667850898853934
0 0.5113457805043237 0.9090740628153235 0.04212545746930251 0.022347923326393564
0 0.5413994653035528 0.288929797705886 0.047493182156513894 0.03204722652316382
0 0.4656608493108018 0.930324961291526 0.027282356261586378 0.014884629120698033
0 0.4508640436096353 0.9654744455571451 0.046933149776994816 0.022431841907779068
0 0.49844581353541667 0.23313174138693307 0.04268548984882159 0.03196330794177811
0 0.3688374006748294 0.13553302947299845 0.05174084208468713 0.02251576048916485
0 0.35086670429797806 0.15750331918315652 0.04410927933850932 0.015178344155547854
0 0.35217419423367613 0.097323246755617 0.03717775706673047 0.019860158591161695
0 0.33182336024386877 0.07842815185039041 0.04480931981290827 0.027197574924778624