0 0.17305109311914801 0.17471635547001454 0.05199360891223939 0.02605111041837601
0 0.2717351353835161 0.0814332860868951 0.027955147373777852 0.023948017545156637
0 0.3006653358786405 0.080111497715955 0.037570531989162465 0.024789254694444374
0 0.323359051033573 0.058777635611966424 0.037402438691221354 0.02238540854059822
0 0.3253932039252367 0.018693555498861016 0.039638191547126396 0.020191871674074005
0 0.5350721626456211 0.6134520600299866 0.056969394517872814 0.02887557514686593
0 0.5810984594809503 0.545333641919303 0.05730558111375517 0.03368326745455837
0 0.6449849492057447 0.6461606044364683 0.0277870540758366 0.02154417139131062
0 0.6453716757842971 0.6171041413029926 0.037738625287103714 0.02719310084829046
0 0.6680483576228597 0.6647005131582632 0.03723434539328024 0.019981562386751996
0 0.6939611154300089 0.6721076502567676 0.06742524562296327 0.041736043065384365