0 0.6617178079001172 0.12994884092909845 0.03904914756356321 0.019291650452906355
0 0.4630227514993652 0.1064227827043769 0.03208944157432087 0.026041052531447974
0 0.4505570950701001 0.12721014805349803 0.039217035878427245 0.024099342760598698
0 0.55243446208457 0.7093707706505394 0.044276560658415814 0.0316189721441351
0 0.4054563600432056 0.10633146087117121 0.026945972636900215 0.016117576994065456
0 0.3863362398427424 0.07392611991367905 0.04402472818611955 0.024407433682596586
0 0.5194674363960227 0.7612236499275931 0.044276560658415814 0.0316189721441351
0 0.40868448246432987 0.8512622597609119 0.04651251849739779 0.026965325297441795
0 0.3900260551297431 0.8320780726495737 0.038881259248698896 0.014483958145214014
0 0.39792441405658036 0.8865497247636095 0.036813189724580954 0.023945297299599898
0 0.3805671211621909 0.9046251530368864 0.04178877034713743 0.02906108052928994