0 0.6145024055536444 0.10578826880230383 0.01783548286456976 0.014618875899720192
0 0.4515556235266541 0.7330094595553814 0.03293093297941127 0.024402088209370457
0 0.36506546210510316 0.07762488517845924 0.027618960777895624 0.017134607183076758
0 0.3325547623705447 0.09529010466139648 0.03533477913325756 0.024430059491748042
0 0.2993799261191868 0.07084605952845963 0.034662405941492974 0.014814674876363428
0 0.2824184164106228 0.0381703661925157 0.03259474638352904 0.019594395901678125
0 0.28206799633057006 0.8344867826102776 0.059709427267601194 0.029517464623216447
0 0.13429903116807201 0.9350139241296491 0.037738625287103617 0.024458030774125696
0 0.11409320881595625 0.9143294902805583 0.03773862528710365 0.024458030774125696
0 0.09719927240643268 0.9839011723302087 0.057305581113755104 0.029489493340838963
0 0.06407497613774508 0.9931389446334957 0.046513543412782576 0.012550685134405408