0 0.5928985074735962 0.23238493173650016 0.08468003692939245 0.09865028332079184
0 0.3716040082864527 0.025020200565465542 0.06769927700650659 0.050040401130931084
0 0.5006605083078932 0.911062178608614 0.05799998138423326 0.05624480966172959
0 0.5685477837247501 0.8001007940583867 0.06767130667087702 0.06642022665663369
0 0.50588695429488 0.77609677375603 0.050900324265213084 0.07505555460785975
0 0.39646300620752817 0.7740536805345978 0.07978843361481143 0.08394719020795531
0 0.6199647578439612 0.7514175430953949 0.043479008286452694 0.038577838015528096
0 0.5441457078231038 0.7390008750071844 0.05319228907654095 0.05596479347197039
0 0.6233817273092307 0.7187556078761521 0.05327620008342967 0.07038787039504732
0 0.46542633819097495 0.6413876765523153 0.06757341049617338 0.04959330357971034
0 0.3547375337715335 0.6285972796860155 0.026847877558936764 0.07125162750521569
0 0.526479674677293 0.5957501624405735 0.05806990722330719 0.06826404043096063
0 0.5829490815409554 0.5888542029801298 0.04117305830731018 0.055264752997571435
0 0.6438625663491254 0.5191782273299265 0.03889507866379724 0.0767593602873071
0 0.5305321679229862 0.4656624539431217 0.05786012970608526 0.03220634812326832
0 0.4859001846469623 0.4406083729291667 0.043632845132415485 0.06502014570783579
0 0.5178905971859971 0.35939134057136674 0.07247899897856933 0.06670024284639303