0 0.7092686420498163 0.11499532711033994 0.0880007612372614 0.058226507048584515
0 0.763354060578475 0.4576960251424389 0.10997156321775901 0.06378969677316568
0 0.806345321443019 0.6417428770206915 0.10634052399565465 0.08044873153522457
0 0.7827693964571155 0.5630455351245092 0.10634052399565465 0.08044873153522457
0 0.7092175421007061 0.32102783820877856 0.11852784806282667 0.08327229847623116
0 0.6285381959317289 0.08046389684226735 0.13401002475622056 0.06462913834748647
0 0.7636056405589466 0.6335965151603685 0.07581343717008938 0.05540294010757799
0 0.6655451114029927 0.2478517139584612 0.10170092498590358 0.08268468937420656
0 0.7073003825578733 0.5692955453143891 0.08643738157312096 0.07016179366038326
0 0.5988762856207646 0.22487782159374292 0.10482768431418449 0.05881411615060919
0 0.6540625472610055 0.6350121281696823 0.10756771706391287 0.06370575261573344
0 0.4665730238017304 0.013465327240829179 0.13506912452653766 0.026930654481658357
0 0.4864756062578242 0.18542804998767204 0.09672513938027003 0.08011295490549616
0 0.5144378703736874 0.6025373297586957 0.1259074798223061 0.08592797710237357
0 0.4638230744777172 0.46454130351196427 0.12400791356228343 0.09305557140647981
0 0.5068643153584915 0.7871450858660993 0.10259193145827944 0.06113401814702312
0 0.47018478984170503 0.7450510733009177 0.10756771706391287 0.06370575261573372
0 0.13259770507365112 0.13874769412480978 0.10869383016683051 0.1141025776890707
0 0.20768710913642593 0.557825832056677 0.11405634235101651 0.0879121024690593
0 0.8724110272318426 0.04187074878576473 0.13619523762945518 0.08374149757152946