0 0.2887871522169915 0.8481406492679704 0.06806295954016324 0.04405242667580357
0 0.28729486762858186 0.556115298499229 0.08969757492477862 0.04430416821720229
0 0.27613307254973984 0.39856547593398434 0.08033394605355101 0.05861536001076873
0 0.2857213942276007 0.46597106772999825 0.08033394605355101 0.05861536001076873
0 0.3158351398555311 0.6766152902976904 0.08994933066893569 0.05872724514027921
0 0.3557692307692308 0.9855769230769231 0.0673076923076923 0.02403846153846154
0 0.28056648476455986 0.10180236106349476 0.09231121753208896 0.05635137026881061
0 0.35193752122273037 0.8861275179944036 0.1088863848648551 0.04212409232237709
0 0.3111986382339733 0.4109902902976904 0.05840561563408587 0.04153669539244721
0 0.3434313280418916 0.7430287436346134 0.07797205919039768 0.06099123488223713
0 0.349486256240563 0.47031807594377406 0.06582695054908837 0.05363984000881071
0 0.394373649470282 0.7700584482568508 0.08476400474500778 0.037036687190908586
0 0.34853062937016854 0.07134954261125656 0.06076750249723913 0.03916082052097865
0 0.4039355319651679 0.42288449236153597 0.08484792332639356 0.0418443794986009
0 0.47836538461538464 0.9783653846153846 0.11538461538461539 0.038461538461538464
0 0.4079973938559298 0.03599113236300445 0.10918009989970492 0.058951015399300026
0 0.48411318368575346 0.8167664626278991 0.07316436688270536 0.06093529231748217
0 0.5164696453514851 0.4674543877613254 0.09720282842116691 0.06121500514125809
0 0.540202225270742 0.5878984369950317 0.0973706655839382 0.0708303897566427
0 0.5462571534694134 0.3151877693041924 0.08008219030939401 0.04419228308769181
0 0.05097484390354261 0.3731136225701396 0.09011716783170695 0.06834262975566383
0 0.039078761237576115 0.17349649231258718 0.07329024475478386 0.06814683077902049
0 0.5721688867358833 0.35394300623069574 0.08488988261708631 0.04424822565244705
0 0.7752032611077713 0.9018677713851702 0.07843361138801878 0.08743354257454482
0 0.7677494037176162 0.5436807088209044 0.08762940309647532 0.0635069661655939
0 0.05150877185274359 0.05948162769916053 0.07548429445516588 0.056155571292167375
0 0.13215343530857865 0.8931835302722371 0.12132520854101413 0.0663024102727266