0 0.5648065871849772 0.5688532339921075 0.02233406317881048 0.025424870687452163
0 0.5646538357993468 0.6048339035693003 0.014982635158432891 0.020155041996762983
0 0.565353283593542 0.6288723651077619 0.027211700265922352 0.02813680776329619
0 0.5689405553520573 0.4635461396058736 0.05612779889149563 0.032389199449129845
0 0.5699418928268488 0.5391902707215279 0.022404007958230047 0.02782871684129832
0 0.568631439490132 0.6590744874918376 0.019790327466125197 0.020463132918760715
0 0.5680939918176942 0.6818340032228767 0.02445813021497865 0.015963531533066417
0 0.588539545952178 0.6423550277564828 0.034283349168621684 0.023791251838600893
0 0.5919833150611897 0.5957881186784806 0.04658235905553058 0.03417686375898012
0 0.5952614709577798 0.6259902410625564 0.0341434596097827 0.018983559530908585
0 0.5976524552848346 0.6669326484084406 0.04403862334284529 0.029215125990288672
0 0.6103526363760066 0.5261840435585102 0.07776241427611101 0.03377560859812034
0 0.6116373660591405 0.48787655055797075 0.060795601640348945 0.027889598063435547
0 0.6114367804570089 0.5634436589431255 0.0659530178451388 0.04021691975466405
0 0.62755500700361 0.4577048687849634 0.0772470771665916 0.09852540929096762
0 0.6235352047417861 0.6493963792486599 0.05393378707590803 0.0394466924496693
0 0.6743914215232358 0.5830738409290984 0.0951488955883902 0.05408469605588232
0 0.6958254513057196 0.6600273584632439 0.08863680492104684 0.07766102121134712
0 0.7256950531895833 0.7795103200726939 0.11932724668569086 0.06043284297356412
0 0.8443023320540272 0.3204347435045597 0.1166878425400034 0.13464398282079715
0 0.8452964433474895 0.643212892083371 0.1493624617819762 0.10314677312093624
0 0.8630619853011136 0.47039747780901486 0.15657400024351467 0.10360890950393312
0 0.8657548593087647 0.5629455547320918 0.09776257608049477 0.061450279978419786