0 0.41245457229594457 0.05720648068497299 0.10465206360475457 0.11441296136994598
0 0.38015059681490004 0.7673662837439849 0.06809088821426539 0.07240796425317643
0 0.33109636298538886 0.648595333856944 0.08259787898447503 0.0807124181316044
0 0.40100370042357053 0.6264859862650554 0.06347899488321627 0.08887058219113633
0 0.4274714532023137 0.9319013868388433 0.07046676308573378 0.07018627066881186
0 0.3051270408975583 0.9195565524977882 0.12351920616461488 0.08861670412048338
0 0.5138585988836405 0.628742123191729 0.0972726974489504 0.10343994893310902
0 0.28726854863392 0.5966766948538916 0.05584788718601366 0.05226643217499927
0 0.3678393517113325 0.5869688145454895 0.06328319590657308 0.07204365911421326
0 0.2900779783822414 0.5616387730536408 0.06582689847230719 0.0842450424529256
0 0.46747393839056267 0.48695248227366805 0.08002620513636316 0.06610718863904588
0 0.5852484142878355 0.479228929445994 0.041760465651468175 0.08001967060426374
0 0.4140167537825204 0.4369643766254651 0.07060661949762188 0.08220550143804263
0 0.35647828814328963 0.42811488444686907 0.053583897444055464 0.06410351037474846
0 0.3069205712309814 0.35261316532905906 0.05383563898545404 0.08573812575936383
0 0.4335980061083238 0.3021847708158918 0.06540732923664304 0.0481873501452333
0 0.48551845431622576 0.27783579826434557 0.060963263599859645 0.07907304500627013
0 0.4661067138153161 0.19164371048955434 0.08259787898447503 0.08071241813160433