0 0.16998544083137906 0.3349244258025993 0.12813437519726237 0.08128817310954545
0 0.21979891757881254 0.261172130117289 0.14015360596649315 0.08170789389670581
0 0.3281883436689292 0.5466383837841462 0.09958206902585182 0.08749238168189886
0 0.3369588894422145 0.39030443962671413 0.11689873822734717 0.10009922155315411
0 0.3526145119636063 0.47737327098264204 0.12754667984777568 0.06686509618646852
0 0.43165576765267044 0.599435225472519 0.10728335361196255 0.0997634449234259
0 0.03724126329355003 0.2233325647082699 0.07448252658710006 0.09660410135269096
0 0.48081212372094906 0.24725649672821534 0.11660489055260388 0.09288768309161578
0 0.034245631646775014 0.12734660686928795 0.06849126329355003 0.08184524779988565
0 0.5028121107361214 0.9150067953470113 0.11218899514456929 0.10233517939213609
0 0.5049139289283399 0.8045138164275205 0.09133797355926959 0.12081045120601666
0 0.5325886751101137 0.18423756457778068 0.11130745212033916 0.08070056400752076
0 0.5485014411241182 0.4417276403844893 0.12170643053503948 0.10026710986801828
0 0.5719644777434195 0.6317421355686414 0.09109719064042565 0.05599054920960246
0 0.5766150744095592 0.8416169811643035 0.07171540742884251 0.11052351333117535
0 0.5990944215274251 0.2899342888566111 0.11994334448657937 0.056997879098787646
0 0.6317790543451566 0.8132859299297738 0.12479592126328662 0.11717797710237357
0 0.6512607782989508 0.5413575099941461 0.10517335513285968 0.10689103922753226
0 0.6783479362400867 0.6424296974859905 0.10448771055845868 0.09006411615060919
0 0.6974971168197102 0.8794031368275748 0.14373284281931284 0.1106379919002918
0 0.929874329513145 0.7140604629520356 0.07882899666546642 0.1083714996496256
0 0.9566676397795375 0.8223441889054184 0.016231047440551986 0.10378510540254492