0 0.9002403846153846 0.23798076923076922 0.19471153846153846 0.09134615384615384
0 0.8966996099763359 0.3900491045449447 0.20114178483728623 0.08716720930925895
0 0.88207668780609 0.17574611092500167 0.1382501338553417 0.06487224476196556
0 0.7682876563584405 0.3061384190524231 0.1053795896653846 0.09558176089330467
0 0.7605785962686971 0.5958618132378931 0.11616791734850442 0.04374869194529897
0 0.7382435991915604 0.5159186729493604 0.14037422930779925 0.05306332328005681
0 0.692321761454381 0.6644607825702292 0.13640578910427337 0.08870039701310507
0 0.6690336021144234 0.44007656376360527 0.2069565796699788 0.1308570586531335
0 0.6283660528681095 0.5556409770892462 0.24021877484188045 0.11697446559871758
0 0.556841159542789 0.7425541811783487 0.2260754486201924 0.12773184064401677
0 0.5623232683509624 0.9263432573039184 0.16944418371506417 0.06520241934330456
0 0.5313200192869665 0.6809553509746448 0.22954033756121803 0.07046015152635285
0 0.48310824555459486 0.9380911560932345 0.20041443301367529 0.05591720930925895
0 0.4249902821759087 0.6143826511269951 0.28130796001837616 0.13016510809857487
0 0.35195674494118667 0.839967702964958 0.37041811813151726 0.14515809019102477
0 0.3086615489799153 0.9461270409625361 0.28969244154764967 0.0781217298632473
0 0.9690867057807159 0.004084415355164726 0.03482879909967943 0.008168830710329452