0 0.1341105447551213 0.1725197800494083 0.12333554037051887 0.08687515066587188
0 0.1546690270530495 0.2611844374307866 0.11751928827517978 0.07214398282079709
0 0.17643822906930579 0.2302729689638531 0.10449149771830218 0.05695067859272535
0 0.1633686951711629 0.12892631684981726 0.12523510663054166 0.07981765766533239
0 0.2354747231787026 0.4243056019536025 0.11081202970746472 0.0788933848993386
0 0.32348316112448916 0.7075420514382267 0.13278283168796234 0.0850874863560214
0 0.3817297287268506 0.8560556529658979 0.14809691508341524 0.06453118919839905
0 0.3901690202230873 0.6687401390379655 0.13121945202382188 0.09695267166425345
0 0.3766210363888961 0.3723272754209624 0.12965607235968143 0.10881785697248521
0 0.5685403222187161 0.9266573387710495 0.1475420952069215 0.09081945142970774
0 0.6400338736250065 0.8881635172927862 0.10309621135210278 0.07121971005480313
0 0.6106428164766438 0.4507405400232857 0.13446376466737361 0.10912594789448321
0 0.6029275580877218 0.27196209248374514 0.13350574486239708 0.06120307027855901
0 0.6397334335611842 0.23363845797484328 0.1667728644376907 0.09205181511769922
0 0.7454004644321943 0.6496256050345022 0.08386544212133355 0.06998734636681164
0 0.7115708482718819 0.4225087256154716 0.11768738157312096 0.07454782897464317
0 0.7221865559999483 0.3860963602663504 0.11187112947778169 0.05981666112956838
0 0.7842487294722853 0.6233982240253305 0.10292811805416154 0.06881586390095726
0 0.7246662121277999 0.3360007046880786 0.12316744707257772 0.0844713045120258
0 0.8495398621711241 0.4277605703921423 0.10326430465004403 0.07362355620864956
0 0.0865543749219518 0.27955365752335537 0.1224950738808132 0.07485591989664118
0 0.12980657237481247 0.35052800028395403 0.14754209520692155 0.0908194514297076