0 0.7860474943031872 0.7912898527110352 0.1252377478528515 0.04668735318385313
0 0.6868472856311636 0.6997823853185631 0.13967480994374334 0.049762964941753404
0 0.6216909051015017 0.952749350069802 0.11556642256620774 0.03662412483243243
0 0.5951856641540275 0.9647982280362086 0.0962097868251053 0.014093821975744884
0 0.4777188614753063 0.9149958522641888 0.12036012970608526 0.03444420054660432
0 0.4619400246293435 0.942165906027555 0.055512224223498254 0.04103663994374566
0 0.42316702531256983 0.17134466437817875 0.1421905374401078 0.06910569510653165
0 0.3993593190430524 0.1328008121798073 0.13966082477592842 0.04735911878790725
0 0.3827949087340128 0.9146106168498525 0.110926552272293 0.06524635681056824
0 0.3753176520839932 0.9606195765749563 0.12043005554515919 0.04646343131583509
0 0.3469991474514919 0.04511972195877478 0.11586011109031852 0.08710489406320178
0 0.33878147826243754 0.020758633327676572 0.08686012039820189 0.041517266655353144
0 0.2882291804822955 0.4395777269849096 0.16852096378989712 0.05110649614986151
0 0.2435202787832901 0.48251438887946096 0.11572025941217053 0.06306643252474012
0 0.8993071655351029 0.9446255544994534 0.1203181742026409 0.02723266208506586
0 0.8491900106675184 0.8844767341136426 0.12029020386701134 0.02242496977737355
0 0.8277791579679399 0.8470228440581853 0.11080068576195966 0.04361174142595285
0 0.8170667390342431 0.8294978221073795 0.09641956434232722 0.05015151428343719
0 0.8154312757550612 0.904073033343615 0.08902621869919641 0.018565631481410404