0 0.20406288002496387 0.17684292154493553 0.05375172513832119 0.07636600223273668
0 0.48756372619104726 0.2571237138158962 0.05878318770503445 0.09576465977837009
0 0.6442752523502778 0.2913308051212722 0.07071850462713222 0.08897284210399206
0 0.5768277036306974 0.2816620107601398 0.07071850462713222 0.08897284210399199
0 0.3636537641384599 0.251831453308264 0.07323423591048886 0.09867217087680877
0 0.931479767235452 0.3798991426945463 0.07088633232139795 0.10339591902706899
0 0.1493478297752433 0.2280524833197197 0.058978986681677656 0.11259158285529317
0 0.6229902779953824 0.3221343794612379 0.05120802257258707 0.06426282730607383
0 0.2915943220878305 0.25915747033891895 0.07312235078097845 0.08905678626142415
0 0.5546904472285992 0.34255563410189843 0.06093529231748203 0.07421398855118679
0 0.2512324205552428 0.30385375178449514 0.04908388924251691 0.08821734468710328
0 0.9419622616045424 0.4540825968340487 0.04645627282965 0.06890263129890196
0 0.5867376287763609 0.4099739754398968 0.05632339898643306 0.09087302331324555
0 0.036270003121466485 0.32699175387466684 0.03250870770699233 0.10926435096969406
0 0.9595863662292273 0.5220046031166394 0.07586185232335597 0.11798688426501008
0 0.1811580974881095 0.3784454890441263 0.07306640821622327 0.08424909395373184
0 0.5097174944302765 0.5076540836333626 0.0757499671938455 0.10837149964962546
0 0.3869535128898569 0.49751215873932214 0.08293353437300646 0.10621948596807557
0 0.6512375754663599 0.5796664273466625 0.05626745642167782 0.08606533100555325
0 0.7354658800127267 0.06810505990449776 0.08058563078391555 0.11094323411833576
0 0.933098733352097 0.10569279284122056 0.07815381334769164 0.10845544380705752
0 0.6069202636732829 0.59444054810531 0.05632339898643306 0.09087302331324569
0 0.03873231803600997 0.641937572107229 0.0635908800127267 0.09593254809323426
0 0.3692620062551701 0.733802607154418 0.075638082064335 0.09875611503424099
0 0.20600435795426547 0.03801128326269369 0.08508563898545404 0.07602256652538739