0 0.18228363386063623 0.8077807499439811 0.06493363886018422 0.14124164118798424
0 0.5949519230769231 0.9771634615384616 0.10336538461538461 0.040865384615384616
0 0.4383683547656456 0.6818863521931168 0.06122905469486038 0.0666524656393339
0 0.8142732092843558 0.9511062821518924 0.0758199687807086 0.07668751893123563
0 0.2659898432773317 0.6480391466184681 0.10701584290566088 0.21214224089965447
0 0.5390632411298582 0.6007243899338306 0.08602278346579272 0.11062114420275976
0 0.4440483791168959 0.5943558019159907 0.08138292832087182 0.12009663925930539
0 0.5898018493969618 0.5481416642298116 0.081089213286022 0.10326971618238232
0 0.027637523722504394 0.5510053550764156 0.038491331167876494 0.14047224861436958
0 0.5583061769449821 0.46433466217937536 0.10508571553379079 0.10156531782273125
0 0.9115517669804658 0.3989303632975991 0.09925883366511538 0.18068240656139578
0 0.12613836038633483 0.48179267880694054 0.05788993756141704 0.15064719146511016
0 0.04518992132556039 0.4554110671579255 0.0722290959031083 0.14625916783393494
0 0.574788612635371 0.30744229733780837 0.07918887862048972 0.1320459252491166
0 0.6717877278952511 0.28984236859660617 0.06725356643264473 0.13650389365971136
0 0.025545642480040258 0.3623384043892023 0.0411049737751868 0.1525614241630199
0 0.9267273813671993 0.23599341068170698 0.09597384240672004 0.130131692551207
0 0.7971085058676247 0.24303370028536117 0.11347211413472827 0.16908284446868205
0 0.32584367819486915 0.29178955112942756 0.10048781967956252 0.11344465903312297
0 0.6080918881105055 0.21951418894708355 0.06219411838079535 0.12194092717779544
0 0.11135589972355465 0.25431446576109124 0.07906300074841129 0.12483438678757813
0 0.5427474694043846 0.19238529528737217 0.08901405968933851 0.14434493513602542
0 0.2879817363873851 0.18737499482275036 0.09129202797110626 0.13720334145390645
0 0.8099012537458588 0.08122872596697261 0.0932343219273313 0.11083097854101828
0 0.0807054963776091 0.15010974379267253 0.09841964785125902 0.1326054834844727
0 0.37343533966001047 0.05891836388694704 0.0830734665329398 0.07930119942334025
0 0.7754082217781559 0.0321725759781764 0.1037010589409272 0.02223839474580814
0 0.03628238511432547 0.08274496853235212 0.07055072427539508 0.05010532168008887
0 0.2374760102333573 0.9415310735527487 0.06443012737187022 0.11239548734183039
0 0.18676446490377752 0.9268410793387851 0.04967137612325065 0.09274504943454404
0 0.2542880369571114 0.8723441209368565 0.07425530844071901 0.12469449722873914