0 0.3467762591455909 0.13646768793446548 0.13903452758139287 0.05124969217737755
0 0.0565894461379078 0.6745470080731606 0.052272144174913424 0.04140170845401359
0 0.4105934570838706 0.19412443281543806 0.1612882420304055 0.11727360309026179
0 0.42206613889244665 0.38897597937185624 0.1681046032955649 0.057737481623627025
0 0.45815347839731496 0.4174484044399206 0.1303148304380804 0.06992042902862777
0 0.4735217735537256 0.7731476311617114 0.2183087841186591 0.10621072044429934
0 0.51570435610739 0.8295443031887662 0.20254217598747404 0.07652451802886709
0 0.07303113380049453 0.7701989716244826 0.07664648851540198 0.050013327864349685
0 0.08038428039321804 0.7993951457078358 0.0888896411526508 0.05552106064644081
0 0.808752800786998 0.455848428398773 0.15273317236075895 0.0880074249594686
0 0.10126132436064653 0.32114606064644086 0.09554137494414419 0.043921854161849384
0 0.11000735477378751 0.27730494322724597 0.15860117961418924 0.0595812953979541
0 0.917950095752894 0.7414968291170406 0.05920709422877698 0.08735480156685
0 0.12544139403029314 0.3513222913939525 0.0986169867020444 0.05848493917980618