0 0.4877513986444892 0.6337368437520076 0.028081680817641824 0.02302039800988818
0 0.4478147082518053 0.6352639390448677 0.020687989786621914 0.020238611140058538
0 0.421190247990016 0.6362820025734413 0.028445985956604993 0.027828090317580215
0 0.6047933185297315 0.6338372699424583 0.038207660390885516 0.06185987718741014
0 0.5212230922288538 0.6379044132471099 0.033071525694815716 0.02567620464105639
0 0.3881918672046482 0.6417928078130539 0.02585998723327739 0.025298263925073172
0 0.3628604063045228 0.6416719383840349 0.018648448771738792 0.02492032320908968
0 0.4082781857486702 0.6633593222686968 0.024731209065802198 0.04199920676333509
0 0.4612538774180263 0.6649289644423191 0.03507520395911302 0.05211851233336408
0 0.4294574197095817 0.6705027598012625 0.01974136418862817 0.039343400132166605
0 0.3845308844397239 0.6741817407706464 0.02990320651245754 0.04705885954834972
0 0.5408719607244646 0.6811685332066986 0.040211338655182956 0.08830218487971783
0 0.5842322677784362 0.6822342544256763 0.03412857836111955 0.07122330132547242
0 0.49955119468537607 0.6850364845340743 0.04891596042315964 0.07678687506513171
0 0.6204900440309029 0.697408101971078 0.11214457070108598 0.0896777458857063
0 0.40527266835222425 0.7030227838071581 0.04541919885242397 0.06223781790339335
0 0.48576423234720806 0.7555090152372218 0.0631210220261693 0.1062629301045911
0 0.4040693258670245 0.7826016673614036 0.08661302585618608 0.10031119402966428
0 0.2732956571777692 0.8203958685585163 0.07215408618252347 0.1306793323590364
0 0.7983524698153956 0.9299682705334009 0.15129885668996496 0.13243283408100837
0 0.43990384615384615 0.9278846153846154 0.125 0.13942307692307693
0 0.6322115384615384 0.9326923076923077 0.125 0.12980769230769232
0 0.53125 0.953125 0.07692307692307693 0.0889423076923077