0 0.24158653846153846 0.17126386051613973 0.10096153846153846 0.14358921328602195
0 0.1778846153846154 0.238481550950269 0.10336538461538461 0.15324655719209945
0 0.5096153846153846 0.2819700149885045 0.10576923076923077 0.11963467032894605
0 0.34975961538461536 0.3280295385888085 0.11778846153846154 0.13667138985933336
0 0.4423076923076923 0.3216064135894422 0.08653846153846154 0.1409336113880188
0 0.5949519230769231 0.37543238324583206 0.11778846153846154 0.12705600524394875
0 0.0889423076923077 0.08618789085974989 0.09375 0.04250179695240501
0 0.24158653846153846 0.5066003989776782 0.11057692307692307 0.13414166583340867
0 0.016826923076923076 0.10667743881130402 0.03365384615384615 0.03664512237739195
0 0.9387019230769231 0.3742398969844496 0.11298076923076923 0.13658747127794774
0 0.8305288461538461 0.4013684496810116 0.1346153846153846 0.11292664335572165
0 0.19110576923076922 0.57478923638992 0.0985576923076923 0.12672033091840618
0 0.4639423076923077 0.529161472280899 0.1201923076923077 0.14152104145771843
0 0.6706730769230769 0.5099279732813156 0.06971153846153846 0.1021783578916305
0 0.8894230769230769 0.4628404470590372 0.125 0.09112419080833498
0 0.31971153846153844 0.6158136451070843 0.07451923076923077 0.13110843031917013
0 0.875 0.5267941258801173 0.13701923076923078 0.14662244880026057
0 0.5973557692307693 0.6109673470320623 0.125 0.12718188311602716
0 0.7115384615384616 0.6149838961087682 0.10817307692307693 0.1244843219273313
0 0.9471153846153846 0.5784199625439477 0.10096153846153846 0.16762767482448354
0 0.8605769230769231 0.8647862662396589 0.12740384615384615 0.12241615009902773
0 0.9627403846153846 0.870214534846752 0.06971153846153846 0.06371681943009204