0 0.7220069413905488 0.16341965746794931 0.08277965681687888 0.18219076630790604
0 0.5945821174849804 0.15684853080245778 0.0827516864812493 0.17738307400021375
0 0.7750803565406639 0.19710248363098357 0.05839156608304755 0.1215351110589744
0 0.6589763063687358 0.2773215941352035 0.08711185341886818 0.10057189735769236
0 0.41365813216609504 0.24998006444225462 0.04146674683142083 0.10431653700010687
0 0.48111266873584274 0.2767870529854171 0.04877618146766293 0.1213113104978633
0 0.3526607363510363 0.3002360281728636 0.08244401278932373 0.12449845861559836
0 0.5416073998647183 0.34669542187697694 0.11886531946020089 0.18783771071976504
0 0.44318256665126654 0.3672380045871264 0.11180761784462508 0.21411216799123947
0 0.2823696147803332 0.4055566528808229 0.11896321563490446 0.20466463379668814
0 0.11034777051827777 0.37631583323557705 0.08737757160734932 0.1462449742807692
0 0.05503133864418664 0.37022128770149576 0.09249293760696717 0.1992414899459402
0 0.33180929036404944 0.4343478615257481 0.0732621683761979 0.198793888823718
0 0.8803111583490251 0.10701621288012894 0.07007515282472318 0.0641225540680556
0 0.09270351647933853 0.4420019764142629 0.09475693208266535 0.1752589785477565
0 0.38526030504516406 0.5329345338426286 0.12402264096326313 0.2480457648464744
0 0.19079350702038458 0.570469880172436 0.14128310424244483 0.32295664659764967
0 0.02611606031410824 0.564233449409562 0.047197460214889735 0.26308228343450857
0 0.07072007325450266 0.5881050654662394 0.13609781240375304 0.25794090016324805
0 0.9441109776006515 0.1253258146744132 0.050900324265213084 0.07329033756121796
0 0.024314377731447758 0.8742456780452991 0.03903493034194512 0.09945289455213668