0 0.8360971143179575 0.6904106279863297 0.03010515987570491 0.044612761977339016
0 0.6086060394453168 0.7310949936402628 0.034912852183397354 0.04483668384535706
0 0.32483441429554993 0.7816219797049461 0.04254405932145279 0.059595643570460766
0 0.17797710274588463 0.8221614233003464 0.044808015916459956 0.05489991219677775
0 0.5946982996317592 0.6667509521564617 0.030175104655124477 0.04701660813118517
0 0.4251443391793944 0.7131617169326401 0.035262576080494906 0.056855914614587826
0 0.630266378483515 0.6482446150694033 0.032858729926648615 0.05674395368057853
0 0.608421928760641 0.642040725013946 0.02536741234743217 0.04679268626316713
0 0.3587238184412374 0.7054233349255801 0.03993037882934822 0.052272144174913555
0 0.41508717532457445 0.6570631955862869 0.0473517516291451 0.05981956543847881
0 0.5756938396567044 0.5099707946835926 0.045297629372396495 0.07172683527370069
0 0.3726259226093325 0.5627567048435894 0.052788946951612944 0.08167810269111223
0 0.5060872183642953 0.5168234310006232 0.04324350711564789 0.08363410510892244
0 0.4892253228976624 0.5164052344617632 0.03822598046969716 0.07619864477936594
0 0.03999511998223661 0.6300019669785342 0.026066860141627297 0.07083114780162866
0 0.5466064921732467 0.37893484602914884 0.05540262744371779 0.08900160208665972
0 0.5250068491783412 0.381144417512153 0.047911309864501345 0.07905033466924817
0 0.4610380088105315 0.3335746325656181 0.07250932963831885 0.09940071324010748
0 0.02976670726953232 0.4439278119234754 0.03603196865410948 0.08329822230689538
0 0.020151322654147704 0.4443756556595114 0.017220868099857303 0.09682561175790028
0 0.336181511460035 0.2202382751176885 0.07024537304331169 0.10409644461379076
0 0.3000538743729232 0.21951384297397752 0.06289394502293423 0.09895286950407146
0 0.5859624283856495 0.11833814627751156 0.060280264530829526 0.09162937010852398
0 0.5635933928171293 0.09410541006820804 0.05787641837698337 0.09151740917451495
0 0.531167193393789 0.026929562258610294 0.07194977140296274 0.05385912451722059
0 0.4459005997116701 0.031236744290609637 0.06487812250026327 0.062473488581219275