0 0.29915618672243605 0.5496502544560877 0.08829196326043351 0.079816403950441
0 0.06855893347864522 0.3452456116010338 0.09715146644385124 0.06544926769862322
0 0.9081685784353789 0.47749531840270687 0.05325233448131483 0.05317830390872603
0 0.8139623151711385 0.5370250729523616 0.06109377413615883 0.0652394901814013
0 0.7869633180241398 0.4803948366588289 0.07210516299610029 0.046078646789705996
0 0.7757255227350865 0.38060025835467653 0.07829863792906568 0.0725489248176434
0 0.7742886320133929 0.5824534094386795 0.03819935636493181 0.04107516213260654
0 0.7574770413653961 0.5138668756310827 0.05312635424265339 0.050774457754879876
0 0.7455684584059002 0.5846894335787481 0.06514558501188415 0.05084438359395394
0 0.6612125474018149 0.4424149851317516 0.04907454336692806 0.06516956434232722
0 0.6402333872587158 0.3401606200024938 0.0638857826252728 0.026805922055492405
0 0.6243206511138989 0.4950688452474228 0.06286771909669944 0.05323424457998531
0 0.6234234570143445 0.5467305598033929 0.05262243328800901 0.04115907313949526
0 0.5649599354611436 0.600460476485654 0.06919739588760962 0.03644927700650659
0 0.5066581698140985 0.4967874181783439 0.034021565250545456 0.05306642256620774
0 0.4804780442183973 0.45578218188481134 0.06236379814205465 0.043618859964600694
0 0.408735489509354 0.48540371118953696 0.06109377413615883 0.0652394901814013