0 0.054544696359512826 0.7953304403116145 0.10908939271902565 0.09683911937677109
0 0.08347434302014248 0.8828680399936845 0.16694868604028495 0.09471497657922093
0 0.23778075992755576 0.5322343516206444 0.12139507283454479 0.10406464300612447
0 0.2367729516966479 0.722131205190583 0.1407936697595797 0.11859960127171967
0 0.26202816401853535 0.6174240458201273 0.1523094174460135 0.07540029634156298
0 0.3683716481418211 0.46417146025095296 0.12639856411888045 0.12091953641867711
0 0.3994644378274881 0.8906443750414232 0.1382779384762231 0.10897023148852014
0 0.4809781733217488 0.08253251231467176 0.13601394873426506 0.12097547708993629
0 0.4758199979190223 0.21596695160485552 0.1050156902756635 0.14242828529295928
0 0.45999330448518083 0.9563935224929152 0.13551046565146804 0.0777062463207055
0 0.4959696091416825 0.6533201073428002 0.14560136206727192 0.11862757160734926
0 0.5419240830191635 0.422299143552903 0.10652445539342623 0.06551919353769729
0 0.5629038994638472 0.16858848556352285 0.0857010071977614 0.13510486548890246
0 0.5443105752705647 0.8369206495879202 0.1425821477011184 0.06572897105491922
0 0.6286180707413299 0.20185773960246206 0.14822897848013902 0.1378723260059334
0 0.6307956204402132 0.5311496997598482 0.1288863241198593 0.12814506004803036
0 0.6718856173799327 0.40832279064475013 0.1262587077069922 0.10890030564944635
0 0.714905632803707 0.11963049691426755 0.1745873723253137 0.13081462439035765
0 0.9650018481614006 0.31647936198602167 0.059202756940698334 0.13014333633524744