0 0.020623323069309564 0.2786012807838677 0.013782954110486963 0.03414359227841843
0 0.10755160734666426 0.512343700965366 0.03984732108681119 0.02800949529093881
0 0.1960699770362097 0.7074776588479541 0.042377147479318505 0.030511290669699393
0 0.3063387207297475 0.9499049460081497 0.054900299203193864 0.04061642140965642
0 0.2515525197423051 0.6859450828316954 0.042377147479318505 0.030511290669699393
0 0.3053513220590266 0.8391321244813976 0.052118512333364286 0.03330693372320326
0 0.24839790296613404 0.6487344420595371 0.05211851233336422 0.03330693372320326
0 0.264778784398101 0.6625208490206701 0.044529033155842335 0.025801547586921787
0 0.3463324652937882 0.8856418599596896 0.049966626656840527 0.03801667680598141
0 0.35482424938050655 0.8178444215274252 0.05755610583436234 0.04552206294226288
0 0.38295540827183017 0.6191618493134092 0.06691952997242477 0.04110616753422856
0 0.44920926138345446 0.8031581194509966 0.07438302891128543 0.04620770751666415
0 0.41374914500758986 0.6781315870730469 0.07640893434914808 0.03909411828004039
0 0.4240574209356109 0.6909609440195431 0.07134928156413359 0.034090527522518954
0 0.49999309918796686 0.5770537472955287 0.08172054761148505 0.04890540134525372
0 0.5094144026357177 0.5959416942390974 0.07425704867262425 0.043803861362818
0 0.5793098006456058 0.6195924490213434 0.08968796750499035 0.0636223259430738
0 0.7331457328724754 0.6590947247748099 0.09462164005134382 0.06622207054674908
0 0.7526233517709249 0.6860043363571824 0.08931002678900714 0.05641078748153561
0 0.6794933540329834 0.41676947698297095 0.08197250808880724 0.053713093652946034
0 0.7098563815527131 0.42155472705615576 0.08437635424265338 0.05381104287786046
0 0.8073432418317856 0.3971061165269711 0.11170052360558949 0.07171540742884239
0 0.8366149940843273 0.4730007265884462 0.09196583342017561 0.061316429014142346
0 0.8060562249933382 0.21166714039361662 0.15344776989160197 0.0902074673293112
0 0.778248577914326 0.09476022187938513 0.11069268169630019 0.05248463819807325
0 0.7780647183659765 0.0682689395746202 0.11600429495863687 0.06229592126328676
0 0.9915865384615384 0.5 0.01201923076923077 0.052884615384615384