0 0.8027244283340439 0.8647321403646113 0.14771558312193717 0.06978329045856942
0 0.7253840029730758 0.5723650343452764 0.07016157833689445 0.06122905469486038
0 0.6600426475030612 0.7336054601689092 0.22581007177564089 0.11194941308543185
0 0.6625549184373211 0.4458633129413261 0.11814805742051249 0.08846858891033176
0 0.6383050575659533 0.5401797633656793 0.1299569789024215 0.08627453920994978
0 0.6171079514975063 0.38044987200698854 0.11313005582549843 0.08598082417509996
0 0.5134205626776335 0.9564525743036374 0.15252327542962946 0.06986720903995493
0 0.5273843393029195 0.38683103771566196 0.1100048378163816 0.10512767482448354
0 0.5274034101356124 0.03470618194453011 0.1942298971943019 0.06941236388906022
0 0.465585550279913 0.8224665790486453 0.15931419531652416 0.06518539460434115
0 0.4238179058226479 0.8954211494778865 0.15796189559928756 0.07716266608287917
0 0.3736591407963669 0.32210384178557877 0.13936205423048412 0.08403853021887492
0 0.37334476691096824 0.2221973688835385 0.145522046255413 0.07214517732172268
0 0.32312660929543985 0.9140313424092549 0.1618379067643873 0.094031548450495
0 0.34912759747706534 0.08298408841392574 0.18076792271452974 0.11836372502380639
0 0.31207284115185074 0.567541821929866 0.12181375929829034 0.10293362512410156
0 0.2576517679266364 0.9223967613648463 0.1350654244907406 0.06236195554356691
0 0.29268025476716475 0.2633294055962491 0.13046804147037017 0.06468188311602721
0 0.23468174356630905 0.7699203677583868 0.13236082505626767 0.0863164985006424
0 0.25205460073981417 0.3218189398117206 0.15483667759017078 0.09630951673226261
0 0.2006094589289875 0.573098698177852 0.14741482984131038 0.09377979270633793
0 0.19065463930982898 0.034924791458985874 0.12169389400427336 0.06984958291797175
0 0.12880735815341732 0.7705646534719481 0.13142914391367502 0.10310146228687299
0 0.0825970674984322 0.44876396353675985 0.09410959588205112 0.0880489960034034
0 0.10605418335391728 0.04392568306714705 0.08710836670783458 0.0878513661342941
0 0.9411057692307693 0.8509615384615384 0.11298076923076923 0.07211538461538461
0 0.9234572198950125 0.8963299812745087 0.09576264887991434 0.05207522227709687
0 0.8825477033285597 0.813984719036516 0.13413374334814804 0.07914691932979696