0 0.8765182765242355 0.9090859446382233 0.16626858454386723 0.07920553099033775
0 0.8350398553411618 0.7464987159194286 0.09828851904441048 0.06763169255120698
0 0.818441482119135 0.2507818223814746 0.09386755331527095 0.0387155939256337
0 0.7898463482870131 0.5996763767594732 0.11254350266954642 0.06564751507387794
0 0.7955021837929361 0.835568051343784 0.09196798705524802 0.04585718760775274
0 0.7855764425394445 0.6419535187900394 0.10790390365979509 0.06791147166888524
0 0.7596225013574698 0.3741345069744517 0.11287968926542866 0.07045520738157024
0 0.7579080617117584 0.3151703314258014 0.11287968926542866 0.07045520738157024
0 0.7716153422024856 0.735096126338182 0.0938170133326004 0.07229949530006016
0 0.7606645678114169 0.4234832979077173 0.10516387091006671 0.06303383458177322
0 0.7384844891581527 0.15796321507684663 0.13715325743443182 0.14313015023231096
0 0.7604448145979256 0.799252690481332 0.11237540937160517 0.06324366892003178
0 0.7010380672599065 0.7419671896387499 0.147037815313098 0.07864597275498178
0 0.6738569330096735 0.4910450456795049 0.1677814242253374 0.10084014637495341
0 0.6721754400638223 0.6392313080381409 0.1805235681690032 0.07722135351300871
0 0.6629203921027753 0.9719063317910734 0.20309973000866485 0.022702284548161835
0 0.6602308993357172 0.933444793329535 0.20847871554278102 0.09962536147123877
0 0.638202440630464 0.5667533376988673 0.18170022125459112 0.09404827658993178
0 0.6272934095806607 0.34185383275541287 0.18667600686022467 0.09659201230261708
0 0.6022551848959572 0.20769308920625507 0.19160125248318766 0.13271964938972888
0 0.6239128304061481 0.8791005863132368 0.13261473839002108 0.07822630407846468
0 0.4409436727420335 0.7254477918878857 0.23078570411916088 0.1098702491013989
0 0.4023975276650846 0.8975897091787723 0.27400439490572137 0.14471315650537683
0 0.2830984663109125 0.19048349239732262 0.16431847830117427 0.11993102604688352
0 0.1633164752891728 0.6648769089673846 0.24594816756660284 0.18947695129599998
0 0.12019998440083286 0.22051509440294365 0.19691322468470332 0.14007107741010633
0 0.9927884615384616 0.2439903846153846 0.009615384615384616 0.06009615384615385
0 0.9915865384615384 0.6971153846153846 0.01201923076923077 0.0625
0 0.9915865384615384 0.7403846153846154 0.01201923076923077 0.0673076923076923
0 0.9879807692307693 0.59375 0.019230769230769232 0.057692307692307696
0 0.9783653846153846 0.4651442307692308 0.038461538461538464 0.06490384615384616
0 0.9783653846153846 0.2956730769230769 0.038461538461538464 0.057692307692307696
0 0.9735576923076923 0.19591346153846154 0.04807692307692308 0.055288461538461536
0 0.9615384615384616 0.13221153846153846 0.07211538461538461 0.08653846153846154
0 0.9507211538461539 0.3485576923076923 0.09375 0.07211538461538461
0 0.956964755928431 0.388866699759454 0.08352925552545133 0.06240433156699755
0 0.9507623372209792 0.23127488712369187 0.0880007612372614 0.05773652881814438
0 0.9571410859013374 0.4430581553901218 0.06172654684289496 0.05937098239837587
0 0.9589730788623195 0.5381499680258839 0.07614962376597188 0.05979065107489298
0 0.9471153846153846 0.6430288461538461 0.10096153846153846 0.055288461538461536
0 0.9377075967734468 0.750737601255638 0.12249507388081327 0.07073498649924823
0 0.9335052643249185 0.6906414474094842 0.11472871554278076 0.09689751507387794
0 0.920503863692256 0.3152567511226768 0.10348293793065558 0.03899537304331169
0 0.9188976207539703 0.5850820509785118 0.09727995925676379 0.053208615628130056
0 0.9095261394105324 0.5371799898501376 0.09196798705524802 0.0458571876077526
0 0.8974986719663364 0.48574210427041353 0.09879279893823395 0.07484323101274544
0 0.8880101972740676 0.2294876821578299 0.09242172696640093 0.08665262744371773