0 0.44550388487687004 0.4937492604539188 0.024486062660683726 0.01951048205454529
0 0.4082722445623936 0.4953847384076948 0.01956647007243594 0.014646847182097744
0 0.38305983501714785 0.49688035994958274 0.02459796294123934 0.0243181743622376
0 0.5549348350171479 0.4948804132595838 0.03007705693226507 0.053220270773146686
0 0.47806770823434874 0.4981793404495134 0.029293754968376034 0.01956642461930053
0 0.3518937602275645 0.5008497558512608 0.019678370352991418 0.019454539489790187
0 0.32905722176602603 0.5011154830338481 0.014982578325854727 0.024206289232727256
0 0.3716280807208338 0.5222606009768553 0.020014071194658128 0.033877616412866976
0 0.42093490194481886 0.5228891127650376 0.02985325637115384 0.04360488615776207
0 0.39220064837922053 0.5280324604612611 0.01520637888696582 0.03382167384811187
0 0.3490153428204064 0.5321417127748272 0.02504556406346153 0.04354894359300683
0 0.4970477067729171 0.538834940447066 0.025884816167628236 0.07960663590069927
0 0.5367391433815176 0.5395753373647585 0.025493165185683717 0.06277971282377606
0 0.45746817044487226 0.5429022358370658 0.0376242962354701 0.06772726154335647
0 0.5707566654471693 0.554808739411472 0.0954285042083334 0.07320626462811138
0 0.3700634866711543 0.5583462645669253 0.03488474923995737 0.053276213337901925
0 0.4469595934631415 0.6079459384027999 0.04550723638034198 0.09665732923664304
0 0.37062399301298127 0.6340814040542679 0.06932189735769229 0.08732165744503462
0 0.25001306420763947 0.6691477999681832 0.053278276244658244 0.12077970462223729
0 0.7441733091219558 0.7740045957988856 0.12992160246634626 0.10965555488909008
0 0.4090605712215284 0.7875219743059465 0.09241121638953012 0.15007339898643307
0 0.5908866566785798 0.7998332194095141 0.09498291296420956 0.15731290873034928
0 0.49604663388221226 0.8057457773711219 0.055122620995726596 0.09676921436615352