0 0.12407424295009048 0.12851600029273913 0.05969498264189061 0.15369513986534
0 0.4244814543107757 0.23781350178503552 0.06198466289048058 0.06735257677670739
0 0.23958227297608897 0.29348148979282834 0.10272865541928002 0.2298795074581164
0 0.5482887799699795 0.31579975823454814 0.08749196479675188 0.11881283825662117
0 0.4429042454875561 0.3333306779769378 0.08296405160673756 0.1282323244221768
0 0.6123975098966282 0.3685415399252341 0.08480833952522761 0.109099504416322
0 0.5899199440683143 0.46452192986375884 0.10870691150485015 0.10527130435777411
0 0.9675480769230769 0.5 0.06009615384615385 0.20673076923076922
0 0.10936054763734203 0.49132331330818696 0.052763223298030196 0.16301667680598128
0 0.03592546094911365 0.5316193546651503 0.045551684836491746 0.16272282913123787
0 0.6321456387917148 0.6336767938006619 0.07850608319614266 0.14005565674157885
0 0.7407034120015991 0.6424902325256655 0.064362785390744 0.14908334600747664
0 0.9903846153846154 0.6754807692307693 0.014423076923076924 0.12980769230769232
0 0.8862281596516292 0.6810844328769524 0.1132790458207013 0.17988848435191931
0 0.35668255801128024 0.6785948008196695 0.10191504171982867 0.11940053360610775
0 0.6817484851890756 0.7255167839148301 0.05913542440653457 0.13446437063457056
0 0.12628516170206538 0.7421334394854522 0.08303399638615705 0.1306361705760231
0 0.611849222952197 0.7632620552805756 0.08861108126746395 0.15727437671815964
0 0.3300617752797593 0.7976076276695617 0.09073514830363212 0.14775694132768918
0 0.925057919482519 0.8575977591127656 0.0947035032582902 0.11910668593136418
0 0.10687591743208287 0.860852418660601 0.09766690764749253 0.13843540438704813
0 0.4447654403424334 0.9349288864004202 0.0891963631564028 0.09487232594307407
0 0.8960461524239434 0.9357941759597304 0.1121157082241524 0.05739027973068016
0 0.06608972633224468 0.9479520431705997 0.07860175162914515 0.06082668288956993
0 0.16299403556852024 0.02259575554269451 0.06637268652165584 0.04519151108538902
0 0.10657359573255512 0.026028068558142367 0.0544933453112641 0.052056137116284734
0 0.19412625657259955 0.05931665019028043 0.0757525131451991 0.11863330038056086