0 0.8538884022205188 0.03057887767265327 0.12752560859812034 0.06115775534530654
0 0.8612521437374 0.117031498772707 0.1240434442172817 0.06359339281712934
0 0.82687465239799 0.08792767637179343 0.1110999406820569 0.04882059199695486
0 0.8089246713802993 0.008424300810455025 0.13227241968367556 0.01684860162091005
0 0.8260845987733205 0.3010877296636951 0.11504424144589283 0.07292899831483589
0 0.8267256940114165 0.611743441745205 0.13667885683050793 0.07355850132961149
0 0.8132393465513835 0.7771063510778617 0.1566189721441351 0.04774569665207961
0 0.7417133879802384 0.581704613558255 0.13294948274980867 0.09024553484769558
0 0.6577544867819527 0.26745238098210283 0.12891201774711109 0.10212487605808722
0 0.6355069342221109 0.8786109728573002 0.15125597921458414 0.07638201615997477
0 0.5446390582673163 0.8511508527727453 0.10721652114035848 0.06310377936119292
0 0.4317445237953272 0.3860158707396414 0.13387375551580227 0.1046686117707725
0 0.37983444810744865 0.19606419036929404 0.13979204906721202 0.047256083196142794
0 0.3270429969616951 0.16147533842941142 0.17514039529204667 0.07467761780032364
0 0.3525518198597285 0.6159071786754637 0.0855819057557431 0.06247427634641712
0 0.31152177549195087 0.37024736809013786 0.12179364352443442 0.06592729419155592
0 0.28757647819235116 0.3348191787972211 0.1184655246045945 0.05143427248905957
0 0.30180954182639225 0.5945045081920253 0.10225478337166724 0.060560043648507644
0 0.26856247805037414 0.28238920447883253 0.12721751767612252 0.07568256836577959
0 0.16386972310247996 0.3962185597987628 0.10737056660135742 0.0655076255150388
0 0.9365416018116256 0.12688244137993296 0.12435153513927971 0.06840108512482164
0 0.9164617401397059 0.20814570771768398 0.15606367152227618 0.07652190571881369