0 0.755482771839094 0.038174919197344614 0.19371051791015256 0.07634983839468923
0 0.6952286183739693 0.18563921073050868 0.121819055162786 0.09202454730490313
0 0.6137845574818701 0.7386983953708326 0.11315202455913027 0.06043866450287593
0 0.6254710412274692 0.34306811446495095 0.13143443977817063 0.09247239104093907
0 0.6601982798874915 0.08006756855946748 0.10868021505346502 0.06742628109639649
0 0.6280395148549812 0.29476726952000976 0.12914255455833348 0.09476427626077627
0 0.5648316523480083 0.592821173254452 0.13657801488788998 0.09990785137049557
0 0.5557793863300162 0.6570829010014201 0.13657801488788998 0.09990785137049585
0 0.6218553302146572 0.18785209614086046 0.1149433995032746 0.09890020296441453
0 0.5706700124042624 0.537140848446959 0.12411094038262313 0.089732662085066
0 0.5143937860238055 0.8288492539947587 0.1715227257101874 0.1806902665895359
0 0.6172385986504593 0.11459076891555726 0.13372632499800774 0.09018050582110201
0 0.5450705474954177 0.16854232710060585 0.1755993580194734 0.1137184570838706
0 0.48211294012629113 0.4461075580603513 0.2033851969198892 0.14379618120412346
0 0.4984820776851354 0.28032448718179964 0.21439677928303894 0.12272137048955319
0 0.5178905519500087 0.013431820004781504 0.22808879620770972 0.026863640009563008
0 0.4538199630954872 0.35588101355428753 0.21288862060126482 0.1418401787863134
0 0.41361326652371855 0.6046824044047121 0.22010015906280328 0.14217606158834045
0 0.36859224978956245 0.7501184106397519 0.2291030724684859 0.18097348285190598
0 0.475405047718841 0.0304266844827181 0.15754086466845124 0.0608533689654362
0 0.9663461538461539 0.4495192307692308 0.0625 0.0625
0 0.9541427683370761 0.5722796557911459 0.0841939097789674 0.0566912871409218
0 0.25487361455673957 0.14471802379707183 0.2739924228534998 0.1662738175211541
0 0.9639423076923077 0.38461538461538464 0.0673076923076923 0.07211538461538461
0 0.9579954787783442 0.49982838837373433 0.07536225170164593 0.0730703664818088
0 0.23692045428503122 0.026774876566987134 0.29595629318544703 0.05354975313397427
0 0.0709598565213278 0.7218222978305526 0.08146080867778949 0.1525092504927409
0 0.9627403846153846 0.30649038461538464 0.06971153846153846 0.06490384615384616
0 0.8897164131164421 0.6114162737840861 0.11035962906360033 0.1034839734040888
0 0.9246675736444824 0.35322342018629505 0.08967336769071384 0.07133828593201677
0 0.8965261465269063 0.4472829697184936 0.08978532862472285 0.07374213208586292
0 0.8409513329476793 0.7799127403486825 0.07525029076763691 0.07066652032796264
0 0.9126713622177325 0.27669220653224963 0.11153190494334726 0.07715362664579012
0 0.912780009224394 0.22730139944439448 0.09492890373444222 0.08117759241541936
0 0.8878854491930791 0.39107248743813156 0.10661225170164593 0.07452585862392606
0 0.8545477804261267 0.5287371505415879 0.10924001972351013 0.07944551186562726
0 0.8224153486634449 0.718140486419741 0.0847537144490125 0.0687105179101523
0 0.8059309362432441 0.8297250579027453 0.09666098428423425 0.06686647642635152
0 0.7959566494833515 0.9000523815013334 0.1466412432393107 0.10997107972191628
0 0.8002176146814369 0.65533425081489 0.14803744098707566 0.0884484252713099
0 0.7847572421551028 0.6078731128750166 0.09984855697614356 0.08380536043728348
0 0.7591645832499055 0.7825174890280658 0.10454428834982685 0.08162543615145523
0 0.7927755264971853 0.5472731348258222 0.07547421263565496 0.07547421263565496
0 0.805878091554635 0.4406641970515238 0.09012121142674992 0.08095367054740138
0 0.8136131596343472 0.32225995037601274 0.12824686708626132 0.07553350703000697
0 0.8079031519998876 0.1996637965298589 0.14367759241541916 0.09783988801867648
0 0.797704943371977 0.2651834278207546 0.14261727746968125 0.12657408093082131
0 0.7364893583346853 0.6835975806485179 0.12299133104253293 0.06569420054660433
0 0.7670213758967174 0.3822474572155051 0.11404771203120244 0.0796694337336453
0 0.7513437093570604 0.433567933451342 0.10868021505346502 0.06742628109639649
0 0.7310822723777292 0.48992002386288913 0.11734724565712075 0.09901216389842354
0 0.690207124129254 0.7760929910319379 0.11801901126117488 0.11343524082150061