0 0.8952504931629682 0.2179905711455014 0.08195206485023913 0.14442919195731777
0 0.7719410047656097 0.30056461148940194 0.09004546498240547 0.16150794750653705
0 0.9927884615384616 0.4254807692307692 0.009615384615384616 0.1346153846153846
0 0.9484993772382662 0.5677349193242747 0.07195873951887076 0.13688187686605097
0 0.9699519230769231 0.5913461538461539 0.055288461538461536 0.07211538461538461
0 0.13982478168487977 0.46231683428941367 0.11446186723685056 0.16955892754239643
0 0.09376865323617731 0.4795787453593394 0.09004546498240557 0.1615079475065371
0 0.9248184131772198 0.6672999415211519 0.09840104721117846 0.13780526259780393
0 0.9627403846153846 0.6850961538461539 0.06971153846153846 0.14423076923076922
0 0.03821800960110928 0.5224587897530941 0.028563528510979003 0.13296703587842723
0 0.39237160090993883 0.6630150618521046 0.09876876630787788 0.19060593382498708
0 0.42658213651847604 0.718414172420872 0.10093087360368604 0.14029305290908228
0 0.9891826923076923 0.17307692307692307 0.016826923076923076 0.1346153846153846
0 0.9615384615384616 0.18629807692307693 0.07211538461538461 0.13221153846153846
0 0.9444714600071258 0.19218928230096607 0.07816243607111992 0.11790294010757799