0 0.2660926354897985 0.035509815190970975 0.18896857517424911 0.07101963038194195
0 0.27749464348299163 0.19383238013988643 0.11200353896047929 0.09010978742692174
0 0.19096288899125646 0.7501420315940661 0.1090542220276264 0.05867763485744003
0 0.2961921085191089 0.360462237783783 0.1239808104390173 0.08861670412048338
0 0.34038717345239616 0.09784133577195245 0.10196856143816632 0.06534271561053387
0 0.3078066427345804 0.313969474298039 0.1240227697297102 0.09102055027432954
0 0.2809271160133611 0.6160896166541424 0.13136018606332706 0.09877854644431275
0 0.2713807536261932 0.6816309968011741 0.13136018606332706 0.09877854644431275
0 0.34560564560602514 0.2114775703712 0.10727976523417262 0.09455317459565088
0 0.2914865846693344 0.5612744679146776 0.11917311813132493 0.08825239898152021
0 0.2575004177133088 0.8579314525946103 0.15674134490395916 0.17752314906220554
0 0.37083994692923233 0.1411464292917689 0.12878850274670947 0.08898100925944655
0 0.4236677066699859 0.20916338109381805 0.16758571553379079 0.11112621960192101
0 0.400750603150425 0.4905776022880068 0.1920857292698733 0.13939005298904442
0 0.434832855272191 0.3259500035001309 0.206089213286022 0.1164445068674724
0 0.5122980494509115 0.037857028402385424 0.2350192857135615 0.07571405680477085
0 0.45620081855948047 0.40835416947467135 0.20642488761156458 0.13567527609824162
0 0.4194061088958494 0.6596113060857495 0.2112325799192569 0.1360395812372048
0 0.4191874993813936 0.8096695381316525 0.21675358016872737 0.1772692709915526
0 0.539061135115593 0.06238105648203017 0.15071683316617468 0.10744730546170383
0 0.7063145298472041 0.24536168558729987 0.25964517732172254 0.15891340185760552
0 0.786468472153629 0.07867474576298475 0.30847736763111683 0.1573494915259695
0 0.7677722546266098 0.8504740315797756 0.18765567057841645 0.16066036323469662
0 0.9257270654372978 0.3283632645796103 0.13350010988866146 0.2213747002904666
0 0.8918850262298827 0.8230643280976284 0.0988392407581873 0.16113225662541672
0 0.01105143731448145 0.5697294698368313 0.0221028746289629 0.09611798340326047
0 0.03534773788927738 0.3130091755495824 0.041956326173398215 0.06559659368118681
0 0.027355234142151248 0.4097094794118733 0.054710468284302496 0.07390104755961466
0 0.002224466161269005 0.7445547736991222 0.00444893232253801 0.07339045260175571
0 0.06298588536633075 0.24249588190066973 0.0757780094900157 0.07776211426931348
0 0.06985566621014916 0.19276165432311965 0.07830773351594034 0.08515580530033347
0 0.04656974213534436 0.35777148962525157 0.08050178321632233 0.07331872710058435
0 0.041644985016565175 0.49894294733369626 0.08328997003313035 0.08865256687106907
0 0.020714864512736297 0.6866982448126258 0.041429729025472595 0.06891120268244076
0 0.013740185442185806 0.7965286262363296 0.02748037088437161 0.06559659368118695
0 0.022894017859949285 0.867915400573788 0.04578803571989857 0.10551535269857783
0 0.056116104522512325 0.6287685710166814 0.11223220904502465 0.08861670412048338
0 0.06660109141264056 0.5855172716227434 0.09268885114832442 0.08384487456337689
0 0.04472489822926691 0.7604157203944824 0.08944979645853382 0.07958363996412907
0 0.07844640172692262 0.5258033542908456 0.07092835789163057 0.07499396297650417
0 0.09591761051740716 0.41885013181998454 0.08539339410540031 0.07849072454723983
0 0.12435298451762432 0.30266376124799493 0.1212832492503213 0.07160762847407873
0 0.16605147165468814 0.18307170539001044 0.1384878059434798 0.0945173118450652
0 0.15648412962217376 0.24981500861396524 0.1341836251241015 0.12299916055225588
0 0.09035192120842969 0.6689412081047253 0.1211573713782428 0.06439609001254026
0 0.1508013755021094 0.3690786220835722 0.10938989635316904 0.07790840408820926
0 0.1510592145384438 0.4230740842603699 0.10196856143816639 0.06534271561053387
0 0.15241407842496918 0.48298808553704214 0.11217137612325065 0.09972517204230623
0 0.10782040023010003 0.7684455260104113 0.10757348026902248 0.11138009767257383