0 0.24737388970003524 0.8002607608307511 0.13883779503413807 0.0736847818233364
0 0.1003376710922253 0.1773452962668244 0.06856669833724348 0.048763509559641566
0 0.32098383833681243 0.7629278093127964 0.17204624885788425 0.1435433892837191
0 0.3841426780958353 0.5734411876318976 0.1679637279979699 0.08565485734889687
0 0.4245883940347029 0.5556822985860712 0.1369935071156479 0.09271932681159069
0 0.5288739000545346 0.20621741629739357 0.22719482083750678 0.14324885455386427
0 0.5842801405889169 0.16434653121368348 0.20465092332043774 0.11023283637123225
0 0.137413175792165 0.08516528857302465 0.10264021316760667 0.06593372587792382
0 0.14986493706470422 0.05764374754688627 0.11465944393683748 0.06691484709049716
0 0.7663634652935009 0.625370449622272 0.1591876807356195 0.113716114224992
0 0.06395438800515171 0.5417485920727836 0.09783252085991437 0.06554127739289448
0 0.07850449266027625 0.5863424356620298 0.12483438678757816 0.086930513291325
0 0.9422361569924061 0.3760824071911571 0.069895649146214 0.09443658648271835
0 0.0934079343031628 0.5188630967336578 0.10051614613143857 0.07535288625079375