0 0.5657755946494303 0.02408066010950028 0.15691034916267801 0.04816132021900056
0 0.9319627654601863 0.5567291236789591 0.03284203030527057 0.04651241427611101
0 0.5035017046326925 0.08245753121441372 0.19489024635697988 0.1447388801589596
0 0.510234871963747 0.2932615725689704 0.18942220488660957 0.08223888015895965
0 0.47473346422065593 0.329061596321903 0.15180190357435877 0.09073514830363212
0 0.49616213050028624 0.7144720971644851 0.25717993706965786 0.14415359827002086
0 0.4556280105118249 0.7803901426199141 0.22977652693404538 0.1049926120142873
0 0.917901464510329 0.662638244007029 0.04371927064458676 0.061215270316865786
0 0.9116668291880357 0.692791238099235 0.05114111839344723 0.06382895080897064
0 0.08994345689825534 0.41219328369586034 0.17988691379651067 0.11313915626186216
0 0.8581153243672368 0.18123589713235805 0.1106063443776353 0.05836603183291998
0 0.8379675846442312 0.13746419108039928 0.1699811263685183 0.07927547576975738
0 0.02045911846556334 0.7324165461762538 0.04091823693112668 0.09811229997759231
0 0.8345279927497156 0.21788812006511618 0.11186820010156687 0.07278910875599684