0 0.12516038208544228 0.9419911383311251 0.04145299371740922 0.020402180961396035
0 0.19065561593072383 0.6900972646996435 0.04170482618970549 0.0276137194229345
0 0.24895457852030906 0.4723230777933044 0.041872714504569655 0.03242141173062667
0 0.3197878744907493 0.20172420814935837 0.05895147005378899 0.04110511520341872
0 0.3446314136530369 0.05531461270242099 0.05190781990711471 0.04528187964914521
0 0.3120002155436176 0.4934161192636746 0.046596462654829876 0.030438184151424415
0 0.34085397751799273 0.3245906039298427 0.05389194527380043 0.033472958167236354
0 0.31583111237380923 0.5344918131663813 0.05621184727021449 0.03127942130071222
0 0.32966658019486156 0.5189267458133897 0.04642857433996571 0.02563049184373211
0 0.3773428282798772 0.271465167911609 0.04925214128097229 0.03786003190028476
0 0.39784802707796985 0.343955949104985 0.056715512214807015 0.04570249822378914
0 0.46524732262071516 0.5583482966726486 0.06856685466917362 0.041946352352706384
0 0.5013393279295026 0.3566050176905974 0.07851801591428657 0.052402974117378806
0 0.48817924290671744 0.49445077495875983 0.08290598743481845 0.0408043619227918
0 0.4960890395005864 0.48076378054130964 0.07552656065841581 0.03536574175313371
0 0.5985501351288708 0.601165307475355 0.0881334005296712 0.053244211266666466
0 0.6050481482522365 0.5813635430296286 0.07835012759942227 0.047595281809686495
0 0.6747024474292167 0.5515099746979332 0.09584860393580204 0.06829821605170917
0 0.7602182609232513 0.11803527245776209 0.0805021412809723 0.04059405263546992
0 0.7670520506763455 0.10784889262742017 0.099229245567149 0.027853450010968464
0 0.8323336964880357 0.5017936192279187 0.10065629624349434 0.06871883462635307
0 0.8492292965165487 0.47091901580591006 0.09800061761735207 0.0612969868774926
0 0.8213027498127369 0.7692367595164515 0.08830128884453523 0.05805190357435864
0 0.8533769241812157 0.7612586272029899 0.09053724668351748 0.053454520553988624
0 0.9483173076923077 0.7824519230769231 0.0985576923076923 0.07451923076923077
0 0.9639423076923077 0.6995192307692307 0.0673076923076923 0.0625
0 0.9459134615384616 0.96875 0.06490384615384616 0.057692307692307696