0 0.9294219322967596 0.15610281170513046 0.06727702744983989 0.14157304500627013
0 0.842316559684323 0.16036262689610142 0.07904429774174833 0.13767611554598574
0 0.878001422085674 0.1932340686461428 0.06158747347151916 0.12438181679038395
0 0.6471794228163966 0.22280457454539315 0.09055960755633444 0.12897149377800898
0 0.3142620629376307 0.2663592879110327 0.09434923633545325 0.1555959540397982
0 0.13853955484882333 0.3037250721391285 0.06638494415992749 0.1702370462829424
0 0.3567907447038208 0.35284395532361573 0.10852035278120785 0.1518811771489954
0 0.7066184610174088 0.4010728458525411 0.12028762307311644 0.14798424768871088
0 0.050467226804234 0.5106365745311028 0.0976349441599275 0.172605029686203
0 0.0938198909313637 0.604423856689965 0.08056628222496627 0.12103134503854426
0 0.6072981160644819 0.6614333527128682 0.12306940994294593 0.15537793871973093
0 0.8181436862903072 0.6906839326734008 0.06550308248929927 0.15341012320601932
0 0.861297158440161 0.7422217545704737 0.1012985927003852 0.19682564379414585
0 0.3706129248878189 0.7798550900196856 0.07943246007701586 0.0993967296539286
0 0.6380067590387172 0.7892567175398326 0.08132216365693332 0.1354544219616212
0 0.6803941281373199 0.8093623868674241 0.06436926034134907 0.13177550782140393
0 0.40054524319151885 0.8303910727846098 0.0755066294399517 0.11585934759188851
0 0.7387844379519061 0.8234405094351073 0.09371933514214757 0.1435767232705673
0 0.6298076923076923 0.9435096153846154 0.08653846153846154 0.10817307692307693
0 0.8223145765926605 0.10454563902448803 0.08133238527621736 0.08996349760802581
0 0.7378701214210343 0.12710752922352753 0.10118283408100837 0.14893087328670454