0 0.08612308475135794 0.27218391506891987 0.17224616950271587 0.07554446136470852
0 0.09063115889132362 0.41946042115093923 0.18126231778264723 0.07398066378014093
0 0.09480895000571013 0.20297425920990558 0.13713498938860774 0.05591737639019005
0 0.20889121612295172 0.3125603929274557 0.10537084681467891 0.09001495536956565
0 0.21907696221832812 0.5983499233158335 0.11689637824854927 0.0355665424003828
0 0.24018721340973054 0.5156390974209059 0.14131278050299423 0.04417816181071889
0 0.28797985074785326 0.6554477573925174 0.13599094562137315 0.07981582983377186
0 0.30943737779738656 0.42892618655145986 0.20746620742416783 0.1175299107391313
0 0.35064326705763454 0.5343691056243813 0.24023819190738585 0.10266310099052493
0 0.42305149862747815 0.7074934457830846 0.22644501617761476 0.11384228319047715
0 0.41721386076830275 0.910338429593325 0.16268521379100312 0.08616361118514139
0 0.42215775493394037 0.9531876360779166 0.22772526180279476 0.04681460707254432
0 0.44928950353286784 0.6412595227278806 0.22822918275743925 0.056429991687928935
0 0.49850369916375786 0.9139916159058744 0.19633905994484926 0.08812372451345851
0 0.5543453997508939 0.5572541827429304 0.281481517238754 0.11225477706501945
0 0.6296086299291819 0.7673581220964896 0.370675785408384 0.12224276888326321
0 0.6729715156755958 0.9002352597963221 0.28704509097841324 0.12695787017785584
0 0.011893250530569612 0.028146113371755006 0.023786501061139224 0.04947700402572076